
95
111
126
47
174
79
150
-183
-72
-159
-119
-119
-103
-191
-48
-111
-127
-88
-88
-80
-95
-135
-88
-135
-135
-167
-175
-88
-119
-88
-95
8
23
0
79
118
47
95
31
55
55
71
118
0
118
15
79
47
47
39
111
0
47
118
103
79
71
95
158
95
134
103
103
245
63
229
134
63
229
126
150
103
111
71
150
166
118
158
111
158
111
126
103
118
126
95
103
103
150
79
111
134
87
71
103
111
63
31
47
23
31
39
39
47
87
47
103
23
55
55
95
79
95
15
79
87
31
87
126
79
95
126
126
118
118
111
214
63
158
95
111
87
134
87
-32
55
8
79
0
31
39
55
23
79
47
-16
39
23
15
79
39
63
23
87
-40
0
-16
23
8
15
23
55
39
63
0
23
-16
47
31
23
55
23
47
63
63
0
47
31
55
79
55
63
55
126
79
79
31
142
47
111
23
23
63
39
47
63
55
31
118
79
31
103
39
63
63
47
39
87
47
71
103
39
0
47
39
23
-32
55
0
55
63
8
95
47
15
23
31
87
15
111
0
23
15
23
23
87
-80
47
-119
31
142
126
158
237
118
134
150
39
142
15
126
63
118
111
111
95
182
79
142
126
47
103
71
71
47
103
55
71
95
39
118
87
95
-48
-143
-64
-88
-135
-111
-127
-72
-151
-40
-103
-127
-111
-103
-119
-175
-159
-119
-135
-127
-135
31
-8
71
103
8
103
39
55
39
79
55
31
150
103
126
126
103
111
134
79
79
142
63
111
63
79
87
111
103
71
118
103
126
158
118
79
206
79
142
55
63
47
39
87
47
95
8
39
31
8
39
63
23
47
-16
23
-72
-40
31
206
253
166
245
206
182
150
285
126
222
182
166
134
134
198
198
158
206
174
158
142
174
174
198
118
190
126
95
142
95
63
55
150
55
95
63
95
55
0
31
-8
47
71
0
15
23
-24
47
-48
63
15
8
23
31
63
8
47
31
79
31
55
8
55
103
39
158
63
95
126
71
111
87
103
95
47
79
39
15
55
23
8
71
63
111
15
55
23
87
8
15
31
63
31
118
79
39
111
95
15
55
79
31
55
63
63
71
31
71
55
71
71
23
-95
-159
-119
-103
-88
-103
-64
-95
0
-103
-40
-56
-48
-56
-48
-111
-56
-72
0
0
-8
8
0
0
55
-56
8
-24
-24
47
63
47
79
39
47
31
63
-24
71
23
47
31
71
23
-8
23
0
103
-24
63
-16
23
-48
0
-56
-72
-80
-72
-111
-135
-167
-119
-95
-80
-167
-88
-135
8
-103
31
15
-24
15
39
23
0
31
79
0
23
23
31
31
39
103
47
55
55
31
95
55
-72
-72
-127
-151
-135
-95
-64
-111
-159
-88
-183
-103
-111
-143
-159
-167
-167
-183
-167
-198
-175
-230
-191
-206
-191
-214
-191
-206
-183
-222
-167
-167
-143
-135
-175
-111
-135
-95
-135
-119
-167
-103
-127
87
63
95
47
150
79
118
31
55
95
47
71
39
8
23
31
23
71
-16
55
87
-8
71
31
-8
23
55
55
39
63
71
71
31
79
55
55
-32
-64
0
63
39
23
111
31
63
47
0
79
87
87
111
71
87
103
103
95
15
103
95
23
71
23
103
55
47
23
-56
-24
0
-16
-24
-56
-56
-16
-72
0
-8
15
39
-64
15
-24
-48
31
-8
47
39
39
15
-16
0
0
39
23
31
55
0
39
71
174
214
198
190
190
206
190
118
158
134
150
95
47
142
63
95
118
39
23
111
71
111
118
87
23
31
0
55
0
47
0
-24
0
47
-48
31
23
-8
8
-349
-412
-397
-341
-381
-397
-357
-317
-389
-325
-341
-373
-349
-357
-381
-365
-317
-357
-302
-286
-341
-278
-317
-254
-325
126
277
126
222
134
158
182
182
150
166
95
222
126
150
158
118
134
158
150
174
118
206
150
158
134
182
126
142
182
103
126
158
95
166
150
190
285
-103
-88
-127
-159
-119
-159
-95
-127
-80
-111
-143
-119
-95
-167
-198
-111
-88
-72
-72
-24
-103
-32
-48
-16
-16
285
317
245
301
332
325
332
325
332
332
348
348
301
332
364
364
356
388
356
332
412
356
372
348
356
340
356
301
364
325
325
309
340
269
301
245
261
245
261
253
182
190
229
23
47
-32
39
71
39
15
55
55
0
71
71
71
95
111
63
8
126
0
71
15
95
23
103
0
47
103
95
8
103
15
39
39
111
8
15
71
55
31
-325
-198
-349
-270
-309
-294
-302
-381
-325
-333
-286
-341
-341
-325
-341
-325
-302
-333
-309
-341
-381
-397
-317
-254
-88
-95
-119
-135
-135
-127
-143
-127
-151
-167
-175
-143
-143
-135
-143
-80
-143
-151
-103
-119
-80
-119
-24
-127
-72
-95
-405
-333
-333
-405
-405
-397
-444
-405
-381
-341
-357
-381
-333
-246
-286
-246
-262
-302
-270
-246
-262
-302
-238
-238
-238
-230
-198
31
-8
15
-24
47
-8
47
-24
15
0
31
8
39
-16
39
0
47
39
-8
103
-8
47
55
-24
31
15
-80
0
0
-8
-16
0
-32
15
31
-80
0
-40
-40
0
39
15
-64
15
-24
-40
-88
-103
8
-80
47
-24
31
8
-32
31
-40
39
-8
79
31
71
95
-135
-159
-119
-198
-191
-183
-159
-222
-167
-175
-206
-151
-191
-214
-198
-191
-206
-270
-206
-270
-206
-238
-222
-191
-135
-222
190
142
182
182
87
126
111
126
23
134
15
182
39
47
-8
47
39
103
71
111
79
79
55
79
134
23
71
39
79
71
55
79
71
23
118
15
79
79
23
31
47
0
55
-56
15
0
8
47
-80
0
0
0
-8
-48
-56
-24
-111
8
-111
-127
-103
-95
-56
-135
-64
-72
-135
-95
-64
-143
-127
-167
-135
-143
-111
-80
87
87
118
95
87
71
55
63
79
55
71
55
118
39
95
55
63
31
-24
79
23
39
71
31
79
55
15
55
55
79
63
63
55
95
166
87
79
87
126
118
103
150
103
63
134
71
118
103
111
158
87
79
47
55
8
63
23
39
103
0
47
8
15
15
8
0
39
0
-24
-16
-8
-72
-16
71
79
39
111
95
103
31
134
55
63
95
63
95
118
87
166
95
142
142
214
182
214
166
222
222
253
166
142
214
166
229
150
166
87
166
174
71
190
103
79
111
79
95
55
87
15
142
47
126
63
71
87
63
47
87
63
111
47
79
0
47
-56
-56
8
-24
-32
23
-16
23
-56
0
-24
-32
-111
-88
-24
-64
-24
-24
-48
0
-48
39
31
-8
8
39
-24
-32
-95
0
-72
31
-24
-56
-8
-64
-56
8
-32
-24
-32
237
134
198
158
126
166
118
87
174
55
206
103
103
142
103
103
95
95
71
142
31
71
31
103
95
111
71
55
95
103
15
79
-16
15
31
47
8
23
23
-24
0
-8
-32
0
-56
-16
-80
-8
-48
-8
0
-8
47
-8
-8
63
47
95
79
31
55
47
-24
79
39
23
47
23
39
55
23
23
-48
-16
-119
-40
-56
-95
-56
-40
-88
-64
-72
0
-56
0
-127
-103
-88
-24
-56
-72
-88
-32
-135
-24
-103
-119
-32
-48
-95
-119
-80
-103
-80
-40
-103
-8
-48
-40
-64
87
103
111
-24
71
111
103
39
103
8
95
39
95
71
63
47
23
31
8
15
-8
39
-32
23
-16
71
-8
39
0
31
8
23
79
31
103
-16
-56
-40
-56
-48
-48
-80
-16
-24
-48
8
47
-48
-8
-8
-16
-48
-16
15
0
95
71
150
79
118
150
55
95
126
111
166
142
174
0
31
8
-8
0
31
8
23
-8
-24
-8
-24
-72
-32
0
-72
-32
-56
-56
-40
-103
-80
-56
-64
-80
-80
-48
-119
-80
-56
-191
-8
23
-32
-40
-111
-111
-88
-151
-151
-80
-119
-119
-111
-88
-24
0
95
150
158
87
95
166
63
158
55
-32
-119
-40
-88
-72
-64
-80
-119
-103
-159
-56
-80
-111
-159
-198
-183
-183
-191
-230
-167
-222
-286
-254
-183
-183
-127
-214
-198
-151
-198
-222
-191
-183
-191
-143
-127
-72
-64
-111
-95
-159
-191
-135
-167
-103
-167
-135
-135
-127
-175
-151
-151
-88
-127
-143
-111
-88
-143
-111
-238
-198
-135
-135
-32
-80
8
-40
0
39
-24
31
-32
-32
0
-16
71
63
95
142
63
8
47
8
47
31
-8
0
8
0
23
23
55
-8
39
0
47
71
71
87
-8
39
39
23
63
47
8
-24
15
-32
-95
-72
-127
-64
-206
-72
-95
-56
-72
-80
-80
15
-95
0
118
103
15
63
79
79
79
87
15
55
55
15
39
87
-40
23
15
-8
-40
0
0
-32
-72
-88
0
-72
-143
-127
-111
-56
-95
8
-16
-24
-16
-40
-40
-80
0
-48
-95
-32
-16
-16
-24
47
-24
-40
8
55
47
15
31
103
0
190
237
245
142
222
237
182
214
158
158
190
150
182
55
126
55
158
174
95
134
142
118
198
126
150
142
150
214
182
134
198
182
150
174
118
214
150
111
182
95
-56
-40
-8
0
0
-48
-24
15
0
0
-24
63
-16
15
-16
-40
0
39
23
8
-8
0
39
0
8
55
71
95
103
87
95
118
39
158
-16
15
-8
-16
31
31
-8
-119
-8
-135
-127
-111
8
-64
-48
-16
-48
15
-32
-88
-8
-32
-16
-88
47
-32
8
8
8
47
-64
-56
-8
-48
8
23
8
-16
8
-16
-48
0
-40
-24
-8
31
-40
15
-16
0
31
15
0
15
0
-40
31
-16
8
-32
31
15
0
23
-8
-56
-16
-64
-16
-24
-8
8
-56
39
23
-8
87
39
39
-32
71
-40
15
-24
0
15
47
0
-32
31
-24
23
-16
-48
-72
8
-40
-80
-80
-64
-80
-80
-40
-111
-88
-16
39
15
79
55
63
166
55
118
79
71
142
126
118
71
71
174
55
79
103
71
79
47
71
39
23
15
71
0
-40
-48
15
-16
-16
55
-103
55
23
23
39
63
39
0
0
-16
31
-16
-8
31
-32
-40
-16
-56
-72
-16
-16
23
0
8
-32
15
-32
15
-16
-40
23
-16
-48
-8
8
0
8
23
8
31
-16
15
8
-16
-80
31
-32
-80
-16
0
-48
23
0
0
15
8
-8
-32
-8
-72
-56
-103
-16
-32
-24
-159
-183
-127
-135
-135
-143
-95
-119
-127
-151
-127
-151
-127
-88
-119
-127
-111
-119
-103
-127
-72
-111
-95
-56
-56
0
-48
39
8
-16
-16
-103
-72
-48
-64
-72
-24
-32
-119
8
-127
-40
-72
-111
-56
-72
-119
-40
-64
-16
-32
-32
0
23
0
0
71
-56
-32
0
0
-16
23
31
8
0
-24
-8
-48
-8
-40
-16
-16
8
-8
-40
23
-56
-16
-56
0
-88
8
0
-8
-48
55
-16
-40
23
-32
8
-56
-48
-103
-127
-135
-143
-151
-111
-159
-95
-159
-119
-111
-88
-72
-159
-119
-151
-143
-119
-119
-103
-175
-80
-151
-167
-191
-135
-159
-167
-214
55
-56
71
-8
8
-24
87
47
0
95
15
63
87
-8
87
-16
79
23
63
47
31
47
31
8
47