69
277
269
229
261
253
285
261
301
285
277
229
253
222
237
237
245
214
253
-40
-24
0
-80
-24
-88
-40
-119
-64
-48
-119
-64
-32
-72
-119
-72
-56
-135
-95
-103
-119
-151
-95
-143
-80
-143
-103
0
8
-24
87
23
71
87
103
71
111
31
87
111
63
55
95
23
87
-8
47
-48
-16
0
-16
8
-56
47
-40
-8
-16
0
8
8
15
-80
-48
-8
0
-24
-32
-64
-32
-8
-64
15
-8
39
23
15
55
55
39
47
39
23
-24
-24
-32
-64
-48
0
-32
-16
-8
39
-64
15
-24
31
-103
15
-40
23
-24
39
-56
23
31
-40
79
0
0
79
47
15
-32
8
-32
0
-72
-24
-48
-56
-16
-24
31
87
134
126
142
95
150
111
71
134
118
182
150
79
150
158
79
126
63
79
95
134
15
47
142
47
63
15
39
-40
0
39
31
71
111
150
150
206
126
150
150
71
142
111
134
134
142
174
134
95
198
111
158
158
206
182
206
229
222
222
214
166
214
166
214
134
222
222
166
166
166
182
-48
0
71
63
8
63
8
95
23
63
47
79
87
71
95
87
103
23
79
118
-16
103
47
-8
55
63
47
71
87
8
79
63
63
23
79
206
174
174
158
277
182
229
245
190
222
166
190
190
245
206
285
237
229
285
285
158
229
174
214
245
245
277
229
293
206
261
309
269
325
206
348
269
-8
23
39
31
47
63
126
63
39
31
55
63
55
15
71
63
0
63
-16
-8
15
0
8
-48
47
-24
-8
-32
-40
-56
-40
-40
-40
0
-80
-222
-111
-111
-143
-64
-88
-56
-64
-40
-16
-88
-8
-32
8
-16
-8
-72
-16
-40
0
-32
-72
-40
-48
-56
-88
-40
-72
-111
-88
-175
-191
-143
-206
-230
-151
-230
-214
-167
-254
-183
-262
-262
-206
-294
-230
-333
142
134
182
118
158
158
103
166
150
126
126
150
87
95
31
118
71
23
47
87
-56
31
23
15
23
31
63
0
47
31
15
23
15
-40
47
31
39
31
47
190
190
198
174
166
126
174
142
166
206
190
174
198
158
150
166
111
103
103
103
47
63
39
31
47
-16
63
39
8
0
63
31
87
63
55
31
95
39
142
95
71
-8
47
23
47
23
8
87
-16
55
39
63
55
55
-8
-8
39
8
8
-24
31
-24
-16
-16
-40
8
0
-24
23
23
222
182
166
182
174
142
126
158
134
95
150
95
87
111
111
142
111
103
103
142
134
31
111
103
55
63
111
39
55
63
47
87
63
47
8
79
8
79
71
-16
8
47
0
55
0
-8
15
-8
-8
-8
-24
-8
-32
-72
-16
-16
-24
47
-24
23
-72
0
0
8
31
-48
0
-72
-95
-95
-64
-119
-119
-111
-88
-103
-127
-24
-167
-80
-80
-167
-56
-206
-72
-198
-72
-159
-151
-24
-95
-56
-88
23
71
-32
39
-24
0
-32
47
-32
31
-8
-24
-32
15
-8
15
-64
-40
-40
-48
-8
-64
8
-80
-32
-56
23
87
0
0
47
8
31
8
23
63
87
0
55
47
63
71
103
23
118
103
39
71
87
-8
47
79
0
111
31
55
31
55
55
31
118
31
0
15
63
31
55
-16
15
-8
39
0
-40
23
-32
8
-32
31
0
47
-8
23
71
0
39
71
-16
71
-40
31
-40
-32
-24
-24
31
-80
-16
-40
-103
-16
-16
-32
0
31
-8
0
-8
39
-32
31
0
-40
-56
-64
-40
-48
-56
-40
-119
-72
-80
-48
-135
-24
-80
-48
8
-16
-24
15
-48
-24
-80
-24
-56
-64
-80
-32
-103
-80
-111
-64
-64
-95
-88
-80
-111
-80
-135
-56
8
-40
-56
-32
-24
-64
0
-24
31
-16
55
-40
47
31
71
71
39
47
47
31
47
118
63
166
103
103
87
71
79
87
55
118
31
0
-24
23
-32
-16
15
-40
-40
-80
-32
-95
-64
-80
-95
-119
-119
-56
-103
-95
-80
-56
-88
-64
-88
-159
-56
-56
-32
-80
-24
-32
-16
-16
31
-8
-64
0
-24
-48
8
-32
-64
-32
0
-64
-48
-95
-40
-80
-95
-80
-95
-72
-24
-48
23
0
15
31
0
63
-16
15
15
-32
8
-24
-40
15
-72
0
-8
15
-48
0
-8
-64
0
0
31
23
55
-8
31
134
134
118
126
95
55
47
71
39
23
71
-40
55
-24
55
-16
39
-16
39
-24
8
-32
63
-24
63
-48
23
39
31
71
23
55
8
23
31
23
15
15
-40
8
15
-56
39
-8
15
-8
39
47
31
134
47
47
-16
15
-8
15
-16
8
23
15
-48
-8
8
23
55
8
8
95
23
39
71
79
111
47
103
55
63
126
15
63
126
126
150
87
55
111
206
-262
-262
-230
-262
-254
-262
-294
-151
-230
-230
-206
-230
-230
-175
-206
-238
-222
-191
-198
-238
-175
-246
-198
-183
-214
-183
-40
-40
-8
-16
0
-48
-72
-24
-40
-80
-48
-16
-32
-48
-48
-8
-16
-64
0
-64
-72
0
-40
0
-32
15
8
0
47
55
-16
31
-56
47
-48
39
0
-8
-48
0
-56
0
-24
-40
-24
8
15
-48
-24
-40
-48
-72
-64
-127
-103
-95
8
0
-8
8
-48
71
-16
55
-16
-16
-8
39
87
39
31
23
47
0
39
-8
-32
-56
87
-32
31
8
-24
23
39
31
79
-32
87
39
0
15
79
31
71
79
103
142
23
118
-56
63
23
71
79
23
31
87
-24
71
8
-32
0
8
-8
-16
63
-40
79
47
111
-8
111
142
95
-159
-183
-111
-167
-135
-159
-151
-159
-143
-198
-135
-175
-206
-159
-143
-151
-183
-159
-151
-198
-103
-127
-135
-56
-88
55
15
8
0
55
31
79
23
0
55
55
47
31
63
-32
87
23
0
15
0
-8
8
8
-16
31
0
-88
-8
-56
15
-72
-48
-64
-72
-88
-16
-111
-32
-135
-95
-262
-246
-191
-214
-175
-191
-238
-135
-191
-159
-151
-72
-143
-127
-111
-175
-127
-103
-72
-143
15
-64
39
-40
118
47
79
15
8
39
-56
63
-8
55
118
71
79
103
55
158
71
150
79
126
95
87
63
158
95
142
174
229
87
309
198
229
237
229
245
245
222
198
277
309
23
8
55
0
111
39
126
150
63
214
111
111
174
166
190
237
142
253
206
245
261
237
229
166
253
190
166
126
142
111
118
118
71
103
71
31
103
0
8
47
-24
23
23
-56
-48
23
-24
63
0
-40
15
23
39
39
-56
79
15
15
-16
31
-8
55
8
71
8
-40
-48
-16
39
-8
-40
-40
-64
-80
-103
-56
-80
-64
-48
-40
-32
-32
-24
-24
8
31
-48
0
-48
0
-80
15
-40
-32
15
-80
-103
-111
-24
-95
-119
-40
-151
-111
-64
-95
-95
-88
-143
-111
-103
-95
-48
-95
-8
-80
-88
-95
-56
-151
-119
47
15
-16
15
-64
8
0
15
-8
55
-8
23
23
23
-32
55
31
47
55
47
55
0
31
8
-32
-8
63
-95
8
0
-16
71
-48
15
-8
-88
-72
-111
-56
-183
-143
-206
-183
-143
-135
-135
-151
-151
-135
-183
-127
-151
-88
-191
-143
-127
-143
-95
-143
-95
-64
-143
-40
-127
-64
-127
-48
-119
-56
31
15
-8
71
47
15
31
-8
47
-8
-56
0
-111
-48
-56
-64
-40
-40
-48
-119
-72
-48
-127
-56
-119
-127
-88
39
47
87
15
63
47
47
39
0
-16
0
0
63
23
23
39
23
8
31
47
15
87
0
79
31
8
31
79
15
39
55
71
95
190
79
174
87
166
174
174
0
-24
-48
8
-56
0
-72
0
-48
-40
-40
-48
-32
-103
-56
-64
-32
-135
-88
-40
-119
-48
-159
-64
-72
-64
-32
-8
-80
-103
-151
-111
-127
-127
-111
-143
-88
-159
-143
-80
-119
-127
-183
-151
-103
-167
-119
-111
-135
-88
-119
-95
-119
166
190
158
174
79
174
71
111
87
118
126
142
87
95
103
142
87
79
158
55
126
31
95
8
63
15
0
15
15
-88
-80
-95
-95
-151
-119
-143
-111
-16
-64
71
-8
23
-40
-56
-24
-135
-119
-230
-175
-191
-183
-135
71
63
245
245
222
237
198
103
0
-88
-198
-143
-191
-8
118
198
142
182
150
214
229
206
285
237
412
317
340
372
404
404
388
356
356
253
325
229
301
198
237
245
285
380
293
340
237
237
198
237
198
214
174
182
0
-72
-95
-72
0
8
31
-119
-88
-95
-206
-206
-214
-167
-198
-206
-135
-191
-159
-222
-238
-262
-198
-127
-64
-48
-135
-167
-262
-246
-24
134
103
198
158
87
79
-16
15
47
166
190
126
222
111
182
150
245
182
174
111
111
79
103
103
118
182
103
150
174
134
198
206
237
214
142
0
63
47
31
-72
0
-24
-72
-119
-143
-111
-95
-103
-119
-24
-64
-40
-95
-32
-16
-48
-24
-48
-8
-48
71
63
55
118
63
95
-40
-24
23
55
39
-16
-16
8
79
8
15
39
-8
-64
0
-56
47
-24
111
31
63
87
55
8
31
8
-48
-32
55
118
0
87
71
55
87
0
39
47
-8
0
23
47
79
87
118
126
111
142
166
118
71
23
63
166
118
158
190
190
198
229
277
229
118
103
79
79
126
-198
-278
-214
-262
-238
-246
-246
-270
-333
-317
-254
-286
-294
-262
-222
-270
-254
-246
-246
-246
-198
-175
-214
-230
-183
-198
-302
-230
39
348
562
618
-103
420
206
8
-103
-214
-405
-389
-286
-80
0
174
198
309
214
229
15
-119
-167
-206
-317
-254
-64
-103
-222
-206
-325
-262
-302
-333
-309
-191
-254
-95
-16
-88
-127
-127
-198
-294
-294
-286
-246
-159
-32
95
229
269
245
-72
-88
-32
39
63
23
95
-24
-48
-64
-183
-151
-119
-167
-48
229
103
190
158
206
190
126
158
134
87
79
150
126
158
142
198
253
214
245
285
309
237
269
269
261
309
198
325
332
293
245
269
63
126
71
39
39
-24
-103
-72
237
222
166
206
134
111
95
174
87
95
55
8
15
87
8
71
0
-8
-48
-32
-40
63
47
87
158
63
79
174
126
95
126
87
31
118
-16
55
0
95
103
190
182
277
269
332
428
475
554
515
602
594
570
515
586
531
570
602
737
634
792
713
840
832
927
943
1014
1014
1030
1085
1069
1101
1030
1157
1109
1133
1101
1046
-373
-381
-341
-262
-302
-230
-119
-103
-24
47
39
150
198
134
166
142
111
103
126
95
118
214
214
340
332
428
523
546
626
626
673
745
721
673
79
118
198
237
222
317
261
309
261
332
356
340
301
396
332
309
325
285
285
269
277
222
253
190
237
277
261
325
245
63
79
126
47
0
-24
-88
-88
-88
0
0
63
87
435
198
325
372
404
443
443
515
475
570
531
538
570
546
634
721
721
776
737
737
665
697
705
665
-246
-238
-214
-270
-222
-206
-357
-230
-341
-294
-309
-436
-373
-349
-333
-397
-341
-405
-373
-412
-436
-381
-389
-349
-373
-373
-349
150
245