93
257
264
160
242
196
204
141
215
67
203
176
165
163
146
205
183
176
181
263
204
167
214
100
154
95
198
68
148
194
187
210
107
98
160
181
185
189
217
272
266
285
155
168
150
219
150
146
141
229
203
120
306
259
273
276
319
277
186
233
299
332
171
117
192
103
166
93
105
93
112
54
41
71
93
113
110
127
207
242
154
172
150
173
80
143
178
139
157
281
171
211
317
348
302
368
344
387
381
310
361
280
335
308
235
211
192
218
214
202
149
237
195
165
75
189
170
173
187
185
150
226
110
111
94
177
111
208
134
227
226
138
243
161
164
177
297
246
246
344
383
248
303
326
350
348
307
347
341
251
305
313
287
263
280
167
189
123
101
141
114
163
136
158
124
133
116
170
106
96
125
123
39
169
171
116
127
150
199
217
140
247
251
253
289
277
399
382
373
394
309
304
293
256
301
180
237
191
214
160
166
91
207
196
250
274
221
265
249
198
232
110
194
164
87
137
155
69
60
27
54
126
163
197
173
197
260
257
289
300
260
353
253
242
310
258
319
323
237
210
163
211
250
165
267
234
272
237
148
165
217
187
234
161
196
226
96
241
266
165
107
57
147
55
132
134
145
224
94
93
124
94
127
197
213
230
237
269
187
165
248
147
166
196
202
102
215
111
98
131
185
257
217
336
377
350
219
277
260
230
273
169
150
191
143
169
149
106
70
108
134
174
201
253
267
338
240
208
266
258
300
227
162
172
184
242
265
205
272
204
191
226
290
225
358
299
329
276
215
290
272
205
247
163
251
163
218
237
207
232
165
155
214
212
284
157
304
263
173
232
131
271
146
93
274
181
182
161
242
141
200
227
122
113
244
230
130
196
145
120
138
87
159
60
95
164
76
167
292
188
226
284
214
380
362
331
250
367
287
189
243
317
208
198
202
160
87
107
133
0
145
12
79
120
161
113
130
126
215
132
118
113
132
225
256
253
225
169
257
177
251
299
312
258
298
327
320
377
277
274
372
298
368
308
292
213
150
176
74
204
211
210
126
203
215
113
131
0
23
90
93
38
121
152
176
88
111
44
44
124
204
197
232
265
257
228
347
205
298
298
261
322
361
325
289
270
266
133
234
207
183
215
155
149
197
145
120
213
99
121
174
167
204
202
318
209
272
188
235
248
211
153
261
209
138
105
213
68
108
130
240
193
288
134
197
171
173
239
204
308
213
259
227
311
289
258
329
329
326
312
198
329
338
251
369
286
209
164
304
213
200
148
179
82
123
73
185
154
210
174
147
169
118
118
122
35
44
55
161
160
171
153
127
296
184
188
213
192
291
346
245
424
457
398
230
362
312
287
271
211
321
289
84
164
127
92
152
77
84
43
149
118
155
103
170
54
46
75
103
85
75
97
146
113
133
184
169
107
111
180
184
212
261
257
403
282
345
337
207
207
286
369
191
146
242
218
109
235
234
104
241
188
301
272
249
279
240
215
198
105
201
145
233
88
156
209
225
179
163
150
215
180
257
251
303
280
281
174
163
125
196
145
162
77
132
145
158
141
225
295
225
167
319
343
301
295
214
275
226
246
238
248
290
316
341
340
174
176
199
109
171
93
86
131
115
184
175
93
133
214
175
230
294
179
213
147
233
98
186
188
191
275
174
282
307
262
229
209
150
279
196
324
328
260
248
295
295
236
207
176
159
174
135
143
248
102
132
227
127
102
197
172
125
203
135
48
87
124
133
174
164
268
169
145
67
125
222
251
314
171
204
213
253
224
115
169
178
132
207
155
280
202
253
240
248
315
300
289
344
360
281
266
270
216
262
157
140
141
200
191
228
322
262
158
210
188
172
245
194
139
173
208
162
155
173
175
162
82
108
190
128
210
173
282
293
275
355
301
171
252
239
153
253
269
213
287
287
317
272
192
353
364
308
284
286
314
176
243
240
159
192
131
57
179
74
122
25
178
49
196
177
125
215
238
192
244
218
154
261
171
235
207
175
140
159
166
128
207
293
252
362
231
279
291
266
328
145
253
207
213
92
114
40
160
37
114
4
43
78
118
205
200
118
152
227
239
203
195
183
181
129
122
162
151
161
140
142
94
179
190
267
151
300
213
375
248
249
313
253
156
214
192
159
238
228
69
118
79
190
210
222
150
294
264
242
171
222
185
277
156
128
180
121
88
195
258
301
251
216
98
135
149
220
211
272
234
226
151
150
120
166
151
356
358
258
176
248
326
349
339
307
232
332
197
155
272
174
151
105
254
165
199
188
190
136
289
130
196
193
69
210
322
169
210
186
160
265
279
70
192
221
260
161
263
266
158
136
274
178
174
331
257
329
291
196
269
218
104
129
207
85
125
55
161
238
228
227
161
221
126
292
177
314
377
171
173
245
51
37
60
55
197
142
273
177
227
178
272
178
174
189
248
309
301
171
183
212
129
45
243
52
165
140
146
113
210
197
150
194
162
189
182
190
199
188
248
282
163
140
155
142
182
164
227
195
190
273
264
231
178
298
228
194
102
137
195
188
135
223
223
197
199
46
127
240
76
206
251
257
203
246
326
323
234
307
279
183
232
231
162
111
174
189
202
140
274
276
196
251
276
156
174
278
182
144
297
156
278
176
244
134
180
234
296
278
268
216
203
88
215
232
281
282
182
321
234
313
267
250
159
170
198
233
279
273
302
203
197
239
153
292
143
301
187
215
216
335
150
220
129
286
210
241
269
192
199
190
175
160
135
138
150
116
253
197
169
169
273
165
332
230
239
157
174
231
229
228
268
251
147
134
283
290
316
214
163
314
282
187
252
209
202
274
226
224
116
136
106
137
192
106
111
198
304
149
140
269
105
125
140
110
181
252
127
121
242
284
292
196
169
237
211
202
137
183
149
282
179
280
196
296
241
318
214
270
228
204
138
246
237
154
180
168
142
103
76
98
203
81
106
139
114
209
160
206
224
260
243
119
143
106
108
213
133
251
253
186
139
172
319
245
186
123
323
339
227
214
245
154
91
186
242
253
257
198
194
192
266
216
205
248
238
211
197
160
265
192
136
328
350
325
306
193
405
303
298
36
354
251
381
158
47
269
208
301
228
211
165
169
199
159
207
115
196
267
194
233
229
221
299
169
163
189
173
279
161
192
221
201
300
252
223
246
194
212
213
266
263
155
184
218
173
135
280
265
229
136
101
204
197
148
253
188
160
198
91
213
165
176
87
168
101
80
36
147
44
195
179
108
167
138
164
194
166
175
201
171
122
127
236
313
274
267
165
164
218
199
224
220
267
236
211
239
237
207
178
229
202
204
172
223
259
172
203
144
180
242
107
142
118
142
146
121
206
181
197
193
267
275
218
251
307
347
295
248
211
169
199
217
160
136
222
260
290
291
233
216
289
227
257
209
163
197
127
87
83
134
230
109
145
174
221
207
198
333
276
227
243
262
283
305
209
205
210
217
221
290
240
283
131
116
172
225
228
203
168
210
186
163
171
167
176
153
230
182
131
138
250
209
210
203
162
238
171
285
246
246
326
374
320
320
281
307
332
185
273
251
148
96
130
140
62
53
113
147
42
93
135
162
194
131
160
219
197
238
205
196
285
305
293
342
334
306
262
300
212
241
181
244
209
232
157
95
111
58
30
88
40
6
0
53
173
182
102
133
157
150
181
313
260
282
347
247
357
278
324
252
299
318
276
218
156
189
161
130
157
72
175
196
141
65
60
38
107
176
160
171
231
230
295
306
273
254
320
223
318
222
330
277
224
292
227
310
237
300
266
252
302
178
251
247
140
127
117
208
224
183
134
117
139
88
76
151
217
149
169
193
181
280
263
177
270
216
335
303
343
287
299
307
285
244
297
153
186
263
232
264
171
241
155
173
152
115
229
126
135
130
163
210
197
232
244
242
152
210
189
192
197
137
208
182
280
295
170
145
187
280
245
205
143
161
203
114
100
130
181
193
178
208
176
87
224
223
181
233
267
232
201
147
258
161
171
171
214
208
171
207
143
180
131
111
132
133
269
244
236
223
331
214
187
265
201
269
171
142
247
109
164
124
153
100
18
155
148
119
134
166
157
126
179
202
205
180
247
301
290
349
354
295
290
286
289
313
240
242
276
165
244
162
131
144
113
70
146
106
103
138
158
177
196
195
137
179
124
207
214
226
276
291
295
339
323
294
309
276
330
253
332
192
333
172
218
269
305
311
300
198
276
240
142
177
174
214
149
153
176
155
253
173
176
272
121
189
213
115
227
201
227
202
246
218
191
328
183
249
293
229
253
291
213
142
195
203
215
166
226
221
279
233
119
126
113
195
216
122
225
111
131
77
210
245
216
253
190
213
266
233
352
318
311
243
206
271
252
236
202
251
201
113
200
99
140
82
132
61
68
132
79
180
173
51
171
202
124
183
170
180
195
160
162
175
150
187
244
249
306
131
239
218
198
204
130
131
177
143
127
189
237
154
150
159
157
87
189
150
135
80
121
124
172
99
128
160
221
187
248
295
301
291
287
295
321
262
328
258
371
352
334
326
343
212
258
218
248
220
162
229
160
149
116
138
52
130
188
203
177
165
134
167
297
269
222
199
190
339
208
194
207
182
141
184
129
157
217
189
242
183
214
269
269
211